              precision    recall  f1-score   support

           0       0.52      0.75      0.61      1179
           1       0.25      0.22      0.24      1179
           2       0.03      0.02      0.02       112
           3       0.00      0.00      0.00         1
           4       0.47      0.01      0.01      1088
           5       0.24      0.43      0.30       884

    accuracy                           0.34      4443
   macro avg       0.25      0.24      0.20      4443
weighted avg       0.37      0.34      0.29      4443
